20200907104636,3001,안성탕면팩,3000,1
20200907104636,4001,물티슈,1000,1
20200907104636,2001,월드콘,1500,1
20200907032814,1001,새우깡,1500,2
20200907032814,2001,월드콘,1500,2
20200907032814,3001,안성탕면팩,3000,1
20200908085751,1001,새우깡,1500,3
20200908085751,2001,월드콘,1500,1
20200908092204,1001,새우깡,1500,2
20200908092204,2001,월드콘,1500,1
20200908093451,1001,새우깡,1500,2
20200908093451,2001,월드콘,1500,1
20200908100129,1001,새우깡,1500,1
20200908100336,1001,새우깡,1500,1
20200908100521,1001,새우깡,1500,1
20200908101110,1001,새우깡,1500,1
20201007104636,3001,안성탕면팩,3000,1
20201007104636,4001,물티슈,1000,1
20201007104636,2001,월드콘,1500,1
20201007032814,1001,새우깡,1500,2
20201007032814,2001,월드콘,1500,2
20201007032814,3001,안성탕면팩,3000,1
20201008085751,1001,새우깡,1500,3
20201008085751,2001,월드콘,1500,1
20201008092204,1001,새우깡,1500,2
20201008092204,2001,월드콘,1500,1
20201008093451,1001,새우깡,1500,2
20201008093451,2001,월드콘,1500,1
20201008100129,1001,새우깡,1500,1
20201008100336,1001,새우깡,1500,1
20201008100521,1001,새우깡,1500,1
20201008101110,1001,새우깡,1500,1
